PDE 1994  6  9  0 33 16.40 -13.8300  -67.5600 637.0 6.9 6.8 NORTHERNBOLIVIA
event name:     060994A
time shift:      0.0000
half duration:  35.0000
latitude:      -13.8200
longitude:     -67.2500
depth:         647.1000
Mrr:      -7.600000e+27
Mtt:       7.700000e+27
Mpp:      -2.000000e+26
Mrt:      -2.500000e+28
Mrp:       4.000000e+26
Mtp:      -2.500000e+27
