PDE  1999 01 01 00 00 00.00  67000 67000 -25000 4.2 4.2 FIG8
event name:       FIG8_vertical
time shift:       0.0000
half duration:    0.5
latitude:       67000.0
longitude:      67000.0
depth:         -25000.0
Mrr:       1.000000e+23
Mtt:       1.000000e+23
Mpp:       1.000000e+23
Mrt:       0.000000e+23
Mrp:       0.000000e+23
Mtp:       0.000000e+23
