PDE  1999 01 01 00 00 00.00  5000 2000 -1000 1.4 1.4 test
event name:       event_03
time shift:       0.0
half duration:    0.015
latorUTM:       700.0
longorUTM:      700.0
depth:          0.7
Mrr:       5.000000e+9
Mtt:       5.000000e+9
Mpp:       5.000000e+9
Mrt:       0.0
Mrp:       0.0
Mtp:       0.0
