PDE  1999 01 01 00 00 00.00  5000 2000 -1000 1.4 1.4 test
event name:       test
time shift:       0.0000
half duration:    0.5
latorUTM:       5500.0
longorUTM:      2500.0
depth:          0.1
Mrr:       1.000000e+19
Mtt:       1.000000e+19
Mpp:       1.000000e+19
Mrt:       0.0
Mrp:       0.0
Mtp:       1.000000e+19
