PDE  1999 01 01 00 00 00.00  5000 2000 -1000 1.4 1.4 test
event name:       event_01
time shift:       0.0
half duration:    0.01
latorUTM:       300.0
longorUTM:      300.0
depth:          0.7
Mrr:       1.000000e+9
Mtt:       1.000000e+9
Mpp:       1.000000e+9
Mrt:       0.0
Mrp:       0.0
Mtp:       0.0
