PDE  1999 01 01 00 00 00.00  67000 67000 -25000 4.2 4.2 homog_test
event name:       homog_test
time shift:       0.0000
half duration:    2.0
latorUTM:       67000.0
longorUTM:      67000.0
depth:          30.0
Mrr:       7.700000e+27
Mtt:       7.700000e+27
Mpp:       7.700000e+27
Mrt:       0.0
Mrp:       0.0
Mtp:       0.0
