PDE 2002  9  3  7  8 51.00  33.9190 -117.7640   7.0 4.3 4.3 YORBA LINDA
event name:     9818433
time shift:      0.0000
half duration:   1.0000
latitude:       33.9195
longitude:    -117.7643
depth:           7.0000
Mrr:      -0.000000e+23
Mtt:      -0.321900e+23
Mpp:       0.321900e+23
Mrt:      -0.023100e+23
Mrp:      -0.038400e+23
Mtp:      -0.171100e+23
