PDE  1999 01 01 00 00 00.00  5000 2000 -1000 1.4 1.4 test1
event name:       test1
time shift:       0.0
half duration:    0.15
latorUTM:       200.0
longorUTM:      200.0
depth:          0.7
Mrr:       1.000000e+19
Mtt:       1.000000e+19
Mpp:       1.000000e+19
Mrt:       0.0
Mrp:       0.0
Mtp:       0.0
