PDE  1999 01 01 00 00 00.00  67000 67000 -25000 4.2 4.2 hom_explosion
event name:       hom_explosion
time shift:       0.0000
half duration:    5.0
latitude:       67000.0
longitude:      67000.0
depth:          25.0
Mrr:       0.000000
Mtt:       0.000000
Mpp:       0.000000
Mrt:       0.000000
Mrp:       0.000000
Mtp:       0.000000
