PDE  1999 01 01 00 00 00.00  67000 67000 -25000 4.2 4.2 hom_explosion
event name:       hom_explosion
time shift:       0.0000
half duration:    0.3
latorUTM:       0.0
longorUTM:      0.0
depth:         100.0
Mrr:       0.000000
Mtt:       0.000000
Mpp:       0.000000
Mrt:       0.000000
Mrp:       0.000000
Mtp:       0.000000
