PDE  1999 01 01 00 00 00.00  1000000 1000000 -1000000 1 1 dynamic_rupture
event name:       dynamic_rupture
time shift:       0.0000
half duration:    0.0
latitude:        1000000.0
longitude:       1000000.0
depth:          -1000000.0
Mrr:       1.258900e+0
Mtt:       1.258900e+0
Mpp:       1.258900e+0
Mrt:       0.000000e0
Mrp:       0.000000e0
Mtp:       0.000000e0
