PDE  1999 01 01 00 00 00.00  67000 67000 -25000 4.2 4.2 water_vertical
event name:       water_vertical
time shift:       0.0000
half duration:    2.0
latitude:       67000.0
longitude:      66999.9
depth:           1.0
Mrr:       1.000000e+23
Mtt:       1.000000e+23
Mpp:       1.000000e+23
Mrt:       0.000000
Mrp:       0.000000
Mtp:       0.000000
