PDE 2001  9  9 23 59 17.78  34.0745 -118.3792   6.4 4.2 4.2 HOLLYWOOD POLET SEM
event name:     9703873
time shift:      0.0000
half duration:   0.0
latorUTM:       3496000.0
longorUTM:      657000.0
depth:          1.500
Mrr:      1.0e+20
Mtt:      1.0e+20
Mpp:      1.0e+20
Mrt:      0.000000
Mrp:      0.000000
Mtp:      0.000000
./DATA/STF_Gauss_dt0007_dur23.txt
