PDE  1999 01 01 00 00 00.00  67000 67000 -25000 4.2 4.2 homog_test
event name:       homog_test
time shift:       0.0000
half duration:    5.0
latitude:       67000.0
longitude:      67000.0
depth:          30.0
Mrr:       1.000000e+24
Mtt:       1.000000e+24
Mpp:       1.000000e+24
Mrt:       0.
Mrp:       0.
Mtp:       0.
