XXXX 2002  9  3  7 08 51.77  33.9133 -117.7840   8.6 4.3 4.3 9818433_SEMm12_Lin
event name:     9818433
time shift:      0.0000
half duration:   0.3900
latorUTM:       33.9133
longorUTM:    -117.7840
depth:           8.5902
Mrr:      -6.047300e+20
Mtt:      -3.805420e+22
Mpp:       3.865890e+22
Mrt:      -5.045230e+21
Mrp:      -3.725100e+21
Mtp:      -1.530610e+22
