PDE  1999 01 01 00 00 00.00  67000 67000 -25000 4.2 4.2 hom_explosion
event name:       hom_explosion
time shift:       0.0000
half duration:    0.03
latorUTM:       -530.
longorUTM:         0.
depth:           -240.
Mrr:       1.000000e+10
Mtt:       1.000000e+10
Mpp:       1.000000e+10
Mrt:       0.000000
Mrp:       0.000000
Mtp:       0.000000
