PDE 2001  9  9 23 59 17.78  34.0745 -118.3792   6.4 4.2 4.2 Hollywood POLET SEM   SPECTRAL-ELEMENT CMT
event name:     9703873
time shift:      0.0000
half duration:   1.0000
latitude:       34.0745
longitude:    -118.3792
depth:           5.4000
Mrr:       0.375147E+22
Mtt:      -0.678067E+22
Mpp:       0.302920E+22
Mrt:      -0.589609E+22
Mrp:      -0.855679E+21
Mtp:       0.180915E+23
