PDE 2001  9  9 23 59 17.78  34.0745 -118.3792   6.4 4.2 4.2 ANTARCTICA PIERO SEM
event name:     9703873
time shift:      0.0000
half duration:   15.0000
latitude:     0.00000
longitude:   0.00000
depth:       0.424299987792969
Mrr:       0.000000e+23
Mtt:       1.000000e+23
Mpp:       1.000000e+23
Mrt:       0.000000e+23
Mrp:       0.000000e+23
Mtp:       0.000000e+23
