 PDE 2000 01 01 01 01 01.00   0.0000  000.0000  10.0 4.5 4.5 Test Lacq Thomas
event name:      LACQ01
time shift:      0.0000
half duration:   0.0000
latitude:       130000.
longitude:      360000.
depth:            3.7000
Mrr:       0.000000e+00
Mtt:       0.000000e+00
Mpp:       0.000000e+00
Mrt:       0.000000e+00
Mrp:       0.000000e+00
Mtp:       7.498942e+22
