PDE  1999 01 01 00 00 00.00  67000 67000 -25000 4.2 4.2 homog_test
event name:       homog_test
time shift:       0.0000
half duration:    5.0
latorUTM:       67000.0
longorUTM:      67000.0
depth:          30.0
Mrr:      -7.600000e+27
Mtt:       7.700000e+27
Mpp:      -2.000000e+26
Mrt:      -2.500000e+28
Mrp:       4.000000e+26
Mtp:      -2.500000e+27
