PDE 2001  9  9 23 59 17.78  34.0745 -118.3792   6.4 4.2 4.2 HOLLYWOOD POLET SEM
event name:     9703873
time shift:      0.0000
half duration:   2.0000
latitude:       6130.0
longitude:    -9025.0
depth:           0.0000
Mrr:      -0.002000e+23
Mtt:      -0.064000e+23
Mpp:       0.066000e+23
Mrt:      -0.090000e+23
Mrp:      -0.002000e+23
Mtp:       0.188000e+23
