PDE 2010  6 15  4 26 58.00  32.6978 -115.9235   8.0 5.7 5.7 10704013 from SCSN
event name:     10704013
time shift:      0.0000
half duration:    2.5
latitude:       32.6978
longitude:    -115.9235
depth:           8.0000
Mrr:    -9.238200e+23
Mtt:    -4.114500e+24
Mpp:    5.038300e+24
Mrt:    -8.087700e+23
Mrp:    2.265500e+23
Mtp:    -9.079000e+23
