PDE 2002  9  3  7  8 51.00  33.9190 -117.7640   7.0 4.3 4.3 Yorba Linda (JASCHA)
event name:     9818433
time shift:      0.0000
half duration:   1.0000
latitude:       33.9190
longitude:    -117.7640
depth:           7.0000
Mrr:      -0.124000e+23
Mtt:      -0.219000e+23
Mpp:       0.343000e+23
Mrt:      -0.094000e+23
Mrp:      -0.105000e+23
Mtp:      -0.170000e+23
