PDE 2002  9  3  7  8 51.00  33.9190 -117.7640   7.0 4.3 4.3 YORBA LINDA (JASCHA)   SPECTRAL-ELEMENT CMT (9 par, 124/297) 
event name:     9818433
time shift:      0.0000
half duration:   1.0000
latitude:       33.9228
longitude:    -117.7616
depth:           6.8864
Mrr:      -0.570563E+22
Mtt:      -0.244947E+23
Mpp:       0.302003E+23
Mrt:      -0.603800E+22
Mrp:      -0.568661E+22
Mtp:      -0.145242E+23
