PDE 2001  9  9 23 59 17.78  34.0745 -118.3792   6.4 4.2 4.2 HOLLYWOOD POLET SEM   SPECTRAL-ELEMENT CMT (9 par, 132/265)
event name:     9703873
time shift:      0.0000
half duration:   1.0000
latitude:       34.0714
longitude:    -118.3756
depth:           5.5796
Mrr:       0.364259E+22
Mtt:      -0.700226E+22
Mpp:       0.335968E+22
Mrt:      -0.610353E+22
Mrp:      -0.383171E+21
Mtp:       0.188921E+23
